{
    "bead_interaction_matrix": [
        [
            -5.44, 
            -4.966666666666666, 
            -5.8149999999999995, 
            -5.5, 
            -4.16, 
            -3.585, 
            -3.1133333333333333, 
            -2.766666666666666, 
            -2.3449999999999998, 
            -2.57, 
            -1.95
        ], 
        [
            -4.966666666666666, 
            -5.346666666666668, 
            -6.34, 
            -5.95, 
            -4.73, 
            -3.89, 
            -3.431111111111111, 
            -3.0444444444444443, 
            -2.7399999999999998, 
            -3.1999999999999997, 
            -2.5533333333333332
        ], 
        [
            -5.8149999999999995, 
            -6.34, 
            -7.2975, 
            -6.9399999999999995, 
            -5.665, 
            -4.757499999999999, 
            -4.226666666666667, 
            -3.9283333333333332, 
            -3.5075, 
            -4.005, 
            -3.365
        ], 
        [
            -5.5, 
            -5.95, 
            -6.9399999999999995, 
            -6.54, 
            -5.25, 
            -4.359999999999999, 
            -3.856666666666667, 
            -3.4766666666666666, 
            -3.2199999999999998, 
            -3.63, 
            -3.01
        ], 
        [
            -4.16, 
            -4.73, 
            -5.665, 
            -5.25, 
            -4.17, 
            -3.44, 
            -3.07, 
            -2.8366666666666664, 
            -2.775, 
            -3.16, 
            -2.6
        ], 
        [
            -3.585, 
            -3.89, 
            -4.757499999999999, 
            -4.359999999999999, 
            -3.44, 
            -2.6475, 
            -2.2466666666666666, 
            -1.985, 
            -1.92, 
            -1.995, 
            -1.33
        ], 
        [
            -3.1133333333333333, 
            -3.431111111111111, 
            -4.226666666666667, 
            -3.856666666666667, 
            -3.07, 
            -2.2466666666666666, 
            -1.9788888888888887, 
            -1.7544444444444443, 
            -1.4900000000000002, 
            -1.7733333333333334, 
            -1.1433333333333333
        ], 
        [
            -2.766666666666666, 
            -3.0444444444444443, 
            -3.9283333333333332, 
            -3.4766666666666666, 
            -2.8366666666666664, 
            -1.985, 
            -1.7544444444444443, 
            -1.6055555555555554, 
            -1.53, 
            -1.6866666666666665, 
            -1.1833333333333333
        ], 
        [
            -2.3449999999999998, 
            -2.7399999999999998, 
            -3.5075, 
            -3.2199999999999998, 
            -2.775, 
            -1.92, 
            -1.4900000000000002, 
            -1.53, 
            -1.04, 
            -2.2800000000000002, 
            -1.74
        ], 
        [
            -2.57, 
            -3.1999999999999997, 
            -4.005, 
            -3.63, 
            -3.16, 
            -1.995, 
            -1.7733333333333334, 
            -1.6866666666666665, 
            -2.2800000000000002, 
            -1.55, 
            -0.59
        ], 
        [
            -1.95, 
            -2.5533333333333332, 
            -3.365, 
            -3.01, 
            -2.6, 
            -1.33, 
            -1.1433333333333333, 
            -1.1833333333333333, 
            -1.74, 
            -0.59, 
            -0.12
        ]
    ], 
    "epsilon": 0.12948257068467212, 
    "computation_time": -5607.13721704483, 
    "interaction_matrix": "MJ96", 
    "bead_target": 11, 
    "scheme": "C MVW FL I Y AH GPT NQS DE R K"
}